* Measurement data measured by REW V5.20
* Source: Headset (USB-C to 3.5mm Headphone Jack Adapter), MICROPHONE (Master Volume), R, volume: 0.250
* Format: 256k Log Swept Sine, 1 sweep at -6.0 dBFS with no timing reference
* Dated: Jan 2, 2021 3:04:50 PM
* REW Settings:
*  C-weighting compensation: Off
*  Target level: 75.0 dB
* Note: ; 
* Measurement: Kinera BD005 Pro - R
* Smoothing: 1/48 octave
* Frequency Step: 1/24 octave
* Start Frequency: 20.000 Hz
*
* Freq(Hz)	SPL(dB)	Phase(degrees)
20.000000	84.300461	-114.1691
20.600000	84.377823	-116.1633
21.200001	84.423569	-118.1533
21.799999	84.456055	-119.9956
22.400000	84.494888	-121.7491
23.000000	84.529968	-123.5653
23.600000	84.531357	-125.4139
24.299999	84.481972	-127.2878
25.000000	84.439156	-128.6212
25.799999	84.486809	-129.9776
26.500000	84.568367	-131.7016
27.200001	84.582977	-133.8366
28.000000	84.500763	-135.9980
29.000000	84.396812	-137.8329
30.000000	84.378288	-139.4465
30.700001	84.390862	-140.6780
31.500000	84.402199	-142.0046
32.500000	84.435822	-143.7467
33.500000	84.406631	-145.6591
34.500000	84.365677	-147.1527
35.500000	84.325806	-148.9134
36.500000	84.232452	-150.1035
37.500000	84.285217	-151.3413
38.700001	84.201424	-153.5134
40.000000	84.205528	-154.6249
41.200001	84.128342	-156.4598
42.500000	84.109932	-157.1953
43.700001	84.023125	-159.0057
45.000000	83.927429	-159.5880
46.200001	83.888535	-161.3996
47.500000	83.717705	-162.4713
48.700001	83.704819	-163.6176
50.000000	83.622147	-165.0591
51.500000	83.548584	-166.2927
53.000000	83.476723	-167.6559
54.500000	83.339455	-168.6618
56.000000	83.287231	-169.4431
58.000000	83.232162	-171.2346
60.000000	83.066330	-172.4311
61.500000	83.033211	-172.9439
63.000000	83.006935	-174.0100
65.000000	82.913315	-175.2086
67.000000	82.797997	-176.2720
69.000000	82.746574	-177.2208
71.000000	82.654373	-178.0843
73.000000	82.567398	-178.9589
75.000000	82.473999	-179.8888
77.500000	82.342926	179.2004
80.000000	82.251427	178.2557
82.500000	82.126816	177.3579
85.000000	82.024780	176.4946
87.500000	81.907883	175.7796
90.000000	81.819496	175.3293
92.500000	81.722969	174.5634
95.000000	81.578934	173.8859
97.500000	81.470802	173.5786
100.000000	81.408104	173.0914
103.000000	81.254707	172.0965
106.000000	81.128166	171.5342
109.000000	81.058594	171.0891
112.000000	80.956154	170.8035
115.000000	80.861320	170.3629
118.000000	80.757553	169.8982
122.000000	80.625885	169.4312
125.000000	80.542397	169.0946
128.000000	80.459206	168.7903
132.000000	80.349091	168.5444
136.000000	80.213493	168.2374
140.000000	80.117149	167.9863
145.000000	79.983757	167.7324
150.000000	79.840050	167.5168
155.000000	79.699127	167.3721
160.000000	79.580475	167.2825
165.000000	79.462448	167.2039
170.000000	79.337921	167.1217
175.000000	79.225983	167.1680
180.000000	79.109245	167.1837
185.000000	79.000809	167.3005
190.000000	78.896072	167.3461
195.000000	78.799904	167.4495
200.000000	78.698380	167.5583
206.000000	78.580452	167.7780
212.000000	78.481293	167.9681
218.000000	78.363564	168.1998
224.000000	78.255005	168.4493
230.000000	78.168388	168.7333
236.000000	78.083244	168.9821
243.000000	77.967842	169.2889
250.000000	77.872902	169.7015
258.000000	77.768219	170.1075
265.000000	77.675186	170.4915
272.000000	77.589806	170.8862
280.000000	77.489372	171.3630
290.000000	77.383041	171.9763
300.000000	77.276443	172.5270
307.000000	77.212418	173.0606
315.000000	77.126892	173.5948
325.000000	77.036423	174.2503
335.000000	76.950661	174.8944
345.000000	76.870087	175.5914
355.000000	76.797089	176.2669
365.000000	76.723167	176.9921
375.000000	76.656235	177.6621
387.000000	76.575806	178.4257
400.000000	76.507431	179.3596
412.000000	76.444855	-179.8246
425.000000	76.375061	-178.9153
437.000000	76.324303	-178.0688
450.000000	76.275070	-177.1266
462.000000	76.220497	-176.2656
475.000000	76.172363	-175.3724
487.000000	76.134247	-174.5392
500.000000	76.094002	-173.6224
515.000000	76.054428	-172.6126
530.000000	76.013153	-171.5084
545.000000	75.977180	-170.4729
560.000000	75.949326	-169.4048
580.000000	75.912796	-167.9822
600.000000	75.878708	-166.5783
615.000000	75.858101	-165.5086
630.000000	75.833427	-164.4257
650.000000	75.786629	-162.9350
670.000000	75.702911	-160.7977
690.000000	75.871811	-159.2095
710.000000	75.747467	-157.5350
730.000000	75.997208	-154.5468
750.000000	76.160324	-154.3035
775.000000	76.194794	-152.9932
800.000000	76.246628	-151.2575
825.000000	76.326523	-149.4511
850.000000	76.434479	-147.6288
875.000000	76.557823	-145.8172
900.000000	76.702721	-144.0352
925.000000	76.873100	-142.3144
950.000000	77.056351	-140.6810
975.000000	77.259827	-139.1041
1000.000000	77.480637	-137.6383
1030.000000	77.756973	-136.0808
1060.000000	78.051422	-134.6984
1090.000000	78.350235	-133.5060
1120.000000	78.655083	-132.5057
1150.000000	78.957642	-131.6797
1180.000000	79.252533	-131.0264
1220.000000	79.637810	-130.3559
1250.000000	79.913322	-129.9874
1280.000000	80.181435	-129.7081
1320.000000	80.524406	-129.4535
1360.000000	80.854950	-129.3125
1400.000000	81.172913	-129.2521
1450.000000	81.561172	-129.2905
1500.000000	81.942329	-129.4758
1550.000000	82.315613	-129.8316
1600.000000	82.684006	-130.3458
1650.000000	83.041809	-131.0975
1700.000000	83.385544	-132.0739
1750.000000	83.709137	-133.2809
1800.000000	84.005371	-134.7368
1850.000000	84.264839	-136.4105
1900.000000	84.479836	-138.2818
1950.000000	84.643021	-140.2778
2000.000000	84.751419	-142.3473
2060.000000	84.806641	-144.8030
2120.000000	84.781532	-147.1268
2180.000000	84.687988	-149.1896
2240.000000	84.539436	-150.8955
2300.000000	84.352600	-152.2082
2360.000000	84.141876	-153.1139
2430.000000	83.882790	-153.6559
2500.000000	83.630547	-153.6797
2580.000000	83.370323	-153.1832
2650.000000	83.174736	-152.3487
2720.000000	83.019958	-151.2097
2800.000000	82.896057	-149.6239
2900.000000	82.827492	-147.3514
3000.000000	82.858635	-144.8914
3070.000000	82.941147	-143.1347
3150.000000	83.096436	-141.1632
3250.000000	83.380264	-138.8318
3350.000000	83.766029	-136.7935
3450.000000	84.249413	-135.1637
3550.000000	84.830818	-134.0999
3650.000000	85.507652	-133.8133
3750.000000	86.266190	-134.5984
3870.000000	87.254883	-137.5155
4000.000000	88.277771	-144.6770
4120.000000	87.911690	-153.5981
4250.000000	88.867905	-155.9937
4370.000000	88.898415	-168.5501
4500.000000	88.026596	-179.0934
4620.000000	86.884155	174.1620
4750.000000	85.509903	169.4323
4870.000000	84.134102	166.8534
5000.000000	82.474449	166.8340
5150.000000	80.762245	171.8225
5300.000000	79.703033	178.7658
5450.000000	79.029457	-174.7889
5600.000000	78.540497	-168.7239
5800.000000	78.107628	-160.7523
6000.000000	77.933250	-152.7677
6150.000000	77.980408	-146.8641
6300.000000	78.182777	-141.1744
6500.000000	78.709778	-134.0476
6700.000000	79.568771	-127.8978
6900.000000	80.770905	-123.3880
7100.000000	82.319481	-121.5652
7300.000000	84.116531	-124.1626
7500.000000	85.738052	-132.9844
7750.000000	86.478035	-150.2501
8000.000000	85.689125	-164.0014
8250.000000	84.641289	-170.2679
8500.000000	84.091644	-173.0090
8750.000000	84.072777	-176.3386
9000.000000	84.361176	176.4967
9250.000000	84.039963	165.2293
9500.000000	82.977913	154.6099
9750.000000	81.481888	147.8333
10000.000000	80.085098	144.7845
10300.000000	78.890472	143.1672
10600.000000	78.218422	140.4214
10900.000000	77.765793	133.9739
11200.000000	76.981133	123.2283
11500.000000	75.425293	111.3193
11800.000000	73.277397	102.4077
12200.000000	70.418037	96.4149
12500.000000	68.674438	94.5704
12800.000000	67.365601	93.6188
13200.000000	66.385231	92.2700
13600.000000	66.346863	89.5091
14000.000000	67.298050	81.5128
14500.000000	68.753418	57.1208
15000.000000	67.577072	19.7554
15500.000000	64.040070	-5.6335
16000.000000	60.063896	-10.5777
16500.000000	60.030533	-13.5467
17000.000000	62.733910	-37.8583
17500.000000	65.446312	-98.9072
18000.000000	66.444649	168.4296
18500.000000	66.714592	79.2227
19000.000000	68.243408	-14.2291
19500.000000	67.698128	-123.6215
20000.000000	62.986542	117.8154
