* Measurement data measured by REW V5.30.9
* Source: Headset (USB-C to 3.5mm Headphone Jack Adapter), MICROPHONE (Master Volume), R, volume: 0.250
* Format: 512k Log Swept Sine, 1 sweep at -12.0 dBFS with no timing reference
* Dated: Jul 23, 2024 10:05:46 PM
* REW Settings:
*  C-weighting compensation: Off
*  Target level: 75.0 dB
* Note: ; 
* Measurement: Galaxy Buds 3 Pro ANC EQ L
* Smoothing: 1/24 octave
* Frequency Step: 96 ppo
* Start Frequency: 20.141602 Hz
*
* Freq(Hz) SPL(dB) Phase(degrees)
20.141602 84.543 21.2274
20.287556 84.652 19.4692
20.434568 84.812 16.9169
20.582645 85.003 14.0256
20.731796 85.219 11.0223
20.882027 85.450 8.0310
21.033346 85.689 5.1188
21.185762 85.931 2.3241
21.339283 86.165 -0.3327
21.493916 86.386 -2.8570
21.649670 86.587 -5.2691
21.806553 86.765 -7.5996
21.964573 86.917 -9.8890
22.123737 87.042 -12.1779
22.284056 87.142 -14.5009
22.445536 87.223 -16.8859
22.608185 87.288 -19.3460
22.772013 87.342 -21.8791
22.937029 87.392 -24.4722
23.103241 87.439 -27.0957
23.270657 87.487 -29.7186
23.439285 87.536 -32.3070
23.609137 87.584 -34.8337
23.780218 87.630 -37.2837
23.952539 87.669 -39.6519
24.126110 87.701 -41.9459
24.300938 87.725 -44.1801
24.477032 87.740 -46.3704
24.654402 87.748 -48.5323
24.833057 87.750 -50.6737
25.013008 87.750 -52.7948
25.194263 87.746 -54.8890
25.376831 87.742 -56.9432
25.560722 87.735 -58.9454
25.745945 87.725 -60.8847
25.932510 87.709 -62.7588
26.120428 87.689 -64.5723
26.309708 87.662 -66.3367
26.500359 87.631 -68.0683
26.692390 87.598 -69.7818
26.885815 87.566 -71.4889
27.080641 87.538 -73.1926
27.276878 87.516 -74.8893
27.474539 87.501 -76.5687
27.673630 87.491 -78.2194
27.874165 87.482 -79.8330
28.076153 87.471 -81.4080
28.279604 87.454 -82.9516
28.484529 87.429 -84.4777
28.690941 87.396 -86.0040
28.898848 87.356 -87.5449
29.108261 87.314 -89.1080
29.319191 87.274 -90.6889
29.531651 87.240 -92.2729
29.745649 87.214 -93.8362
29.961199 87.195 -95.3555
30.178310 87.182 -96.8125
30.396996 87.169 -98.2015
30.617264 87.152 -99.5299
30.839128 87.129 -100.8170
31.062601 87.098 -102.0865
31.287693 87.061 -103.3622
31.514416 87.021 -104.6583
31.742783 86.983 -105.9780
31.972803 86.948 -107.3117
32.204491 86.919 -108.6432
32.437859 86.895 -109.9540
32.672916 86.873 -111.2319
32.909679 86.851 -112.4738
33.148155 86.825 -113.6874
33.388359 86.794 -114.8866
33.630306 86.758 -116.0868
33.874004 86.719 -117.2992
34.119469 86.680 -118.5265
34.366711 86.641 -119.7626
34.615746 86.605 -120.9946
34.866585 86.570 -122.2089
35.119244 86.535 -123.3955
35.373734 86.499 -124.5515
35.630066 86.462 -125.6822
35.888256 86.423 -126.7980
36.148315 86.385 -127.9114
36.410259 86.349 -129.0314
36.674103 86.317 -130.1612
36.939857 86.289 -131.2985
37.207539 86.266 -132.4365
37.477161 86.248 -133.5691
37.748737 86.232 -134.6927
38.022282 86.220 -135.8078
38.297806 86.211 -136.9171
38.575329 86.205 -138.0216
38.854862 86.201 -139.1188
39.136421 86.197 -140.2019
39.420021 86.190 -141.2642
39.705673 86.174 -142.3054
39.993397 86.148 -143.3365
40.283207 86.112 -144.3798
40.575115 86.069 -145.4626
40.869141 86.023 -146.6037
41.165295 85.981 -147.7992
41.463596 85.946 -149.0190
41.764057 85.920 -150.2141
42.066696 85.898 -151.3357
42.371529 85.877 -152.3604
42.678570 85.853 -153.3044
42.987835 85.825 -154.2158
43.299343 85.797 -155.1516
43.613110 85.772 -156.1492
43.929150 85.751 -157.2048
44.247478 85.731 -158.2726
44.568115 85.706 -159.2926
44.891075 85.671 -160.2273
45.216373 85.625 -161.0827
45.544029 85.577 -161.9051
45.874062 85.535 -162.7557
46.206486 85.509 -163.6770
46.541317 85.501 -164.6712
46.878574 85.501 -165.7053
47.218277 85.496 -166.7421
47.560440 85.474 -167.7697
47.905083 85.430 -168.8091
48.252224 85.373 -169.8928
48.601879 85.316 -171.0338
48.954067 85.270 -172.2057
49.308807 85.240 -173.3512
49.666119 85.221 -174.4142
50.026020 85.206 -175.3729
50.388531 85.187 -176.2508
50.753666 85.161 -177.1017
51.121449 85.130 -177.9795
51.491894 85.100 -178.9127
51.865025 85.073 -179.8969
52.240860 85.050 179.0938
52.619419 85.030 178.0873
53.000721 85.006 177.0979
53.384785 84.975 176.1237
53.771633 84.931 175.1572
54.161285 84.874 174.2000
54.553761 84.812 173.2711
54.949081 84.757 172.3990
55.347263 84.716 171.6003
55.748333 84.689 170.8574
56.152309 84.668 170.1184
56.559212 84.642 169.3237
56.969063 84.607 168.4413
57.381886 84.567 167.4829
57.797699 84.529 166.4852
58.216526 84.491 165.4750
58.638386 84.449 164.4518
59.063305 84.398 163.4077
59.491302 84.341 162.3639
59.922401 84.291 161.3787
60.356625 84.260 160.5085
60.793995 84.251 159.7495
61.234531 84.252 159.0230
61.678261 84.249 158.2239
62.125206 84.231 157.2941
62.575390 84.197 156.2621
63.028835 84.153 155.2180
63.485569 84.106 154.2462
63.945610 84.062 153.3679
64.408989 84.027 152.5298
64.875725 84.001 151.6516
65.345840 83.981 150.6942
65.819366 83.960 149.6979
66.296318 83.930 148.7552
66.776726 83.887 147.9346
67.260620 83.833 147.2197
67.748016 83.772 146.5173
68.238945 83.709 145.7311
68.733429 83.650 144.8322
69.231499 83.597 143.8693
69.733177 83.552 142.9202
70.238495 83.513 142.0401
70.747475 83.476 141.2412
71.260139 83.439 140.4989
71.776520 83.401 139.7673
72.296638 83.365 139.0038
72.820526 83.330 138.1923
73.348213 83.295 137.3463
73.879723 83.261 136.4850
74.415085 83.229 135.6054
74.954330 83.201 134.6776
75.497482 83.171 133.6672
76.044571 83.133 132.5706
76.595619 83.087 131.4424
77.150665 83.039 130.3798
77.709732 82.998 129.4561
78.272850 82.964 128.6542
78.840050 82.932 127.8870
79.411354 82.898 127.0905
79.986801 82.861 126.2641
80.566422 82.825 125.4225
81.150238 82.790 124.5616
81.738289 82.751 123.7027
82.330597 82.706 122.9117
82.927200 82.655 122.2112
83.528122 82.605 121.5062
84.133400 82.556 120.6729
84.743065 82.503 119.7015
85.357147 82.442 118.6760
85.975677 82.375 117.6524
86.598694 82.305 116.6463
87.226227 82.238 115.7170
87.858307 82.179 114.9344
88.494965 82.134 114.2508
89.136238 82.099 113.5139
89.782158 82.064 112.6339
90.432755 82.018 111.6552
91.088066 81.962 110.6744
91.748131 81.908 109.7708
92.412979 81.866 108.9941
93.082642 81.831 108.3298
93.757156 81.788 107.6768
94.436562 81.731 106.9190
95.120888 81.675 106.0115
95.810173 81.634 104.9816
96.504456 81.603 103.8946
97.203766 81.562 102.8425
97.908142 81.501 101.9132
98.617622 81.428 101.1289
99.332245 81.360 100.4399
100.052048 81.307 99.7803
100.777069 81.268 99.1082
101.507339 81.233 98.4128
102.242905 81.193 97.6964
102.983795 81.151 96.9483
103.730057 81.110 96.1769
104.481728 81.067 95.4435
105.238846 81.016 94.7666
106.001450 80.951 94.0407
106.769577 80.881 93.1336
107.543274 80.818 92.0523
108.322578 80.765 90.9680
109.107529 80.722 90.0287
109.898170 80.687 89.2406
110.694534 80.647 88.5834
111.496674 80.606 87.9800
112.304626 80.570 87.2346
113.118431 80.530 86.3090
113.938133 80.490 85.3513
114.763779 80.439 84.4899
115.595406 80.361 83.8957
116.433060 80.281 83.5301
117.276779 80.217 83.0138
118.126617 80.158 82.2633
118.982613 80.121 81.4200
119.844810 80.106 80.3970
120.713257 80.080 79.3829
121.587997 80.057 78.6910
122.469070 80.052 77.9857
123.356529 80.016 76.9896
124.250420 79.944 76.1125
125.150787 79.907 75.4189
126.057678 79.895 74.4189
126.971146 79.840 73.3057
127.891228 79.772 72.7036
128.817978 79.771 72.2781
129.751450 79.796 71.2443
130.691681 79.746 69.9421
131.638733 79.651 69.3249
132.592636 79.637 69.2124
133.553452 79.707 68.3751
134.521240 79.705 66.5673
135.496033 79.547 65.0672
136.477890 79.352 65.0710
137.466858 79.331 65.9374
138.462997 79.514 65.6701
139.466354 79.689 63.4658
140.476990 79.638 60.4250
141.494949 79.325 58.3700
142.520279 78.942 58.7866
143.553040 78.814 61.5489
144.593277 79.127 64.2368
145.641052 79.736 64.3389
146.696426 80.360 61.3949
147.759445 80.791 56.2808
148.830170 80.933 49.9831
149.908661 80.764 43.1566
150.994965 80.294 36.1801
152.089142 79.538 29.3232
153.191238 78.496 22.7472
154.301331 77.153 16.3326
155.419464 75.495 9.4258
156.545700 73.565 0.0207
157.680099 71.657 -18.4181
158.822708 70.655 -61.4191
159.973602 71.379 -103.0413
161.132843 73.182 -117.6278
162.300476 75.112 -120.6488
163.476578 76.796 -118.6791
164.661194 78.149 -113.9224
165.854401 79.157 -107.3262
167.056244 79.811 -99.5432
168.266800 80.095 -91.2552
169.486130 80.005 -83.2567
170.714294 79.577 -76.5895
171.951355 78.942 -72.5219
173.197388 78.369 -71.7067
174.452454 78.160 -72.5851
175.716614 78.320 -72.0734
176.989929 78.545 -68.9549
178.272476 78.578 -64.6115
179.564316 78.426 -61.0431
180.865509 78.289 -58.8389
182.176132 78.289 -56.6519
183.496262 78.318 -53.4347
184.825958 78.266 -50.0182
186.165283 78.194 -47.3464
187.514313 78.179 -44.8524
188.873123 78.159 -41.9362
190.241776 78.099 -39.0906
191.620346 78.051 -36.4122
193.008911 78.017 -33.5035
194.407532 77.977 -30.5477
195.816284 77.944 -27.5428
197.235245 77.902 -24.3479
198.664490 77.850 -21.1652
200.104095 77.800 -17.9843
201.554138 77.750 -14.8844
203.014679 77.709 -11.8660
204.485809 77.670 -8.8901
205.967590 77.627 -5.9180
207.460114 77.575 -2.8394
208.963455 77.522 0.3679
210.477692 77.476 3.6812
212.002899 77.447 7.0249
213.539154 77.435 10.3342
215.086548 77.430 13.5898
216.645157 77.414 16.7973
218.215057 77.374 19.9991
219.796341 77.318 23.2312
221.389069 77.261 26.5192
222.993347 77.215 29.8936
224.609253 77.181 33.3451
226.236862 77.151 36.8262
227.876266 77.117 40.3348
229.527557 77.077 43.8815
231.190811 77.028 47.4382
232.866119 76.973 51.0066
234.553558 76.920 54.6189
236.253235 76.873 58.2184
237.965225 76.832 61.7649
239.689621 76.793 65.3041
241.426514 76.752 68.8610
243.175995 76.711 72.4575
244.938141 76.673 76.1108
246.713058 76.641 79.8088
248.500839 76.612 83.5252
250.301575 76.582 87.2486
252.115356 76.551 90.9938
253.942291 76.518 94.7695
255.782455 76.486 98.5805
257.635956 76.460 102.4116
259.502899 76.434 106.2471
261.383362 76.406 110.0902
263.277466 76.375 113.9509
265.185272 76.345 117.8711
267.106903 76.316 121.8716
269.042480 76.287 125.9061
270.992065 76.256 129.9263
272.955780 76.225 133.9494
274.933716 76.199 137.9915
276.925995 76.178 142.0338
278.932709 76.161 146.0635
280.953979 76.145 150.0900
282.989899 76.127 154.1255
285.040558 76.104 158.1878
287.106079 76.075 162.3146
289.186554 76.044 166.5284
291.282104 76.020 170.7997
293.392853 76.001 175.0726
295.518890 75.983 179.3253
297.660339 75.966 -176.3964
299.817322 75.952 -172.0612
301.989929 75.943 -167.7130
304.178284 75.934 -163.3613
306.382477 75.921 -158.9586
308.602661 75.906 -154.5109
310.838928 75.889 -150.0689
313.091400 75.871 -145.6642
315.360199 75.851 -141.2784
317.645416 75.832 -136.8484
319.947205 75.817 -132.3313
322.265686 75.807 -127.7663
324.600952 75.798 -123.2146
326.953156 75.790 -118.6882
329.322388 75.777 -114.1635
331.708801 75.762 -109.6040
334.112488 75.751 -104.9644
336.533600 75.746 -100.2351
338.972260 75.746 -95.4484
341.428589 75.742 -90.6308
343.902710 75.728 -85.7907
346.394775 75.710 -80.9464
348.904907 75.690 -76.1416
351.433228 75.672 -71.4061
353.979858 75.657 -66.7214
356.544952 75.651 -61.9763
359.128632 75.654 -57.0677
361.731018 75.663 -52.0563
364.352264 75.669 -47.0719
366.992523 75.666 -42.1345
369.651917 75.656 -37.1707
372.330566 75.644 -32.1524
375.028625 75.636 -27.1052
377.746246 75.631 -22.0346
380.483551 75.631 -16.9114
383.240692 75.636 -11.7415
386.017822 75.643 -6.5677
388.815063 75.649 -1.4029
391.632568 75.651 3.7630
394.470490 75.654 8.9396
397.328979 75.660 14.1559
400.208191 75.670 19.4654
403.108276 75.680 24.8744
406.029358 75.691 30.3277
408.971619 75.703 35.7732
411.935181 75.715 41.1925
414.920227 75.726 46.5986
417.926910 75.737 52.0252
420.955383 75.751 57.4762
424.005798 75.770 62.9431
427.078308 75.792 68.4272
430.173096 75.811 73.9104
433.290314 75.829 79.3932
436.430115 75.847 84.9210
439.592682 75.872 90.5167
442.778137 75.906 96.1527
445.986694 75.946 101.7980
449.218506 75.987 107.4668
452.473724 76.022 113.1698
455.752533 76.049 118.8766
459.055115 76.072 124.5638
462.381622 76.092 130.2621
465.732239 76.114 136.0266
469.107117 76.139 141.8689
472.506470 76.166 147.7730
475.930450 76.190 153.7091
479.379242 76.210 159.6350
482.853027 76.229 165.5535
486.351990 76.258 171.5164
489.876282 76.302 177.5077
493.426117 76.361 -176.5469
497.001678 76.427 -170.6786
500.603149 76.490 -164.8479
504.230713 76.546 -158.9740
507.884583 76.595 -152.9972
511.564911 76.638 -146.9109
515.271912 76.677 -140.7534
519.005798 76.710 -134.5872
522.766724 76.740 -128.4855
526.554932 76.773 -122.4966
530.370544 76.811 -116.5915
534.213806 76.853 -110.6579
538.084961 76.893 -104.5922
541.984131 76.929 -98.3857
545.911560 76.966 -92.1169
549.867432 77.011 -85.8689
553.851990 77.063 -79.6544
557.865417 77.116 -73.4543
561.907959 77.161 -67.2301
565.979797 77.192 -60.9285
570.081116 77.217 -54.5564
574.212158 77.246 -48.1839
578.373108 77.278 -41.8156
582.564209 77.308 -35.4300
586.785706 77.335 -29.0141
591.037781 77.368 -22.5538
595.320679 77.413 -16.0596
599.634644 77.467 -9.5654
603.979858 77.517 -3.0769
608.356567 77.559 3.4399
612.764954 77.599 10.0139
617.205322 77.649 16.6500
621.677856 77.717 23.3656
626.182800 77.801 30.1367
630.720398 77.878 36.9001
635.290833 77.920 43.6479
639.894409 77.914 50.4185
644.531372 77.876 57.1987
649.201904 77.836 63.9589
653.906311 77.817 70.7196
658.644775 77.822 77.5105
663.417603 77.842 84.3329
668.224976 77.871 91.1716
673.067200 77.903 98.0397
677.944519 77.931 104.9626
682.857178 77.954 111.9508
687.805420 77.972 119.0162
692.789551 77.990 126.1479
697.809814 78.012 133.3198
702.866455 78.036 140.5130
707.959717 78.059 147.7034
713.089905 78.082 154.8845
718.257263 78.105 162.0609
723.462036 78.127 169.2272
728.704529 78.141 176.3916
733.985046 78.142 -176.3932
739.303833 78.135 -169.0881
744.661133 78.127 -161.7079
750.057251 78.124 -154.2601
755.492493 78.129 -146.7542
760.967102 78.141 -139.2062
766.481384 78.160 -131.6688
772.035645 78.177 -124.1687
777.630127 78.186 -116.6678
783.265137 78.189 -109.1174
788.940979 78.188 -101.4967
794.657959 78.183 -93.8317
800.416382 78.173 -86.1259
806.216553 78.156 -78.3619
812.058716 78.138 -70.5543
817.943237 78.123 -62.7105
823.870361 78.112 -54.8138
829.840454 78.106 -46.8607
835.853821 78.101 -38.8787
841.910767 78.092 -30.8947
848.011597 78.079 -22.8999
854.156616 78.063 -14.8692
860.346191 78.048 -6.7688
866.580627 78.032 1.4254
872.860229 78.012 9.7065
879.185364 77.983 18.0527
885.556274 77.948 26.4439
891.973389 77.909 34.8818
898.437012 77.875 43.3707
904.947449 77.846 51.8947
911.505066 77.820 60.4641
918.110229 77.794 69.0834
924.763245 77.768 77.7554
931.464478 77.743 86.5210
938.214233 77.722 95.3749
945.012939 77.705 104.2720
951.860901 77.691 113.2099
958.758484 77.679 122.1990
965.706055 77.666 131.2419
972.703979 77.650 140.3427
979.752563 77.635 149.5142
986.852234 77.623 158.7679
994.003357 77.619 168.1011
1001.206299 77.625 177.4897
1008.461426 77.640 -173.0615
1015.769165 77.660 -163.5332
1023.129822 77.679 -153.9570
1030.543823 77.701 -144.3813
1038.011597 77.731 -134.8038
1045.533447 77.774 -125.2056
1053.109863 77.827 -115.5876
1060.741089 77.884 -105.9421
1068.427612 77.939 -96.2527
1076.169922 77.998 -86.5312
1083.968262 78.063 -76.7975
1091.823120 78.132 -67.0740
1099.734863 78.203 -57.3643
1107.703979 78.274 -47.6516
1115.730835 78.347 -37.9248
1123.815918 78.425 -28.1913
1131.959595 78.510 -18.4806
1140.162231 78.599 -8.7872
1148.424316 78.692 0.9175
1156.746216 78.788 10.6436
1165.128418 78.887 20.4159
1173.571411 78.986 30.2268
1182.075562 79.083 39.9948
1190.641357 79.178 49.6832
1199.269287 79.266 59.3323
1207.959717 79.343 68.9663
1216.713135 79.415 78.6021
1225.529907 79.485 88.2731
1234.410645 79.555 98.0056
1243.355713 79.624 107.7687
1252.365601 79.685 117.5327
1261.440796 79.738 127.2898
1270.581665 79.787 137.0516
1279.788818 79.835 146.8552
1289.062744 79.880 156.7180
1298.403809 79.923 166.6230
1307.812622 79.965 176.5376
1317.289551 80.003 -173.5609
1326.835205 80.033 -163.6302
1336.449951 80.053 -153.6118
1346.134399 80.068 -143.4885
1355.889038 80.084 -133.2748
1365.714355 80.100 -123.0165
1375.610840 80.115 -112.7268
1385.579102 80.130 -102.3943
1395.619629 80.145 -92.0348
1405.732910 80.161 -81.6598
1415.919434 80.174 -71.2279
1426.179810 80.185 -60.7073
1436.514526 80.192 -50.0933
1446.924072 80.198 -39.3729
1457.409058 80.207 -28.5529
1467.970093 80.218 -17.6876
1478.607666 80.231 -6.8187
1489.322266 80.244 4.0497
1500.114502 80.257 14.9492
1510.984985 80.268 25.9237
1521.934204 80.281 36.9711
1532.962769 80.298 48.0587
1544.071289 80.320 59.1643
1555.260254 80.340 70.2932
1566.530273 80.359 81.4767
1577.881958 80.378 92.7476
1589.315918 80.401 104.1034
1600.832764 80.426 115.4990
1612.433105 80.456 126.8857
1624.117432 80.493 138.2699
1635.886475 80.536 149.6836
1647.740723 80.581 161.1412
1659.680908 80.624 172.6548
1671.707642 80.669 -175.7657
1683.821533 80.723 -164.1404
1696.023193 80.786 -152.5244
1708.313232 80.854 -140.9291
1720.692383 80.921 -129.3182
1733.161255 80.982 -117.6617
1745.720459 81.038 -105.9570
1758.370728 81.093 -94.2184
1771.112549 81.145 -82.4701
1783.946777 81.195 -70.7256
1796.874023 81.240 -58.9337
1809.894897 81.285 -47.0553
1823.010132 81.338 -35.0916
1836.220459 81.412 -23.1041
1849.526489 81.506 -11.1959
1862.928955 81.607 0.6193
1876.428467 81.701 12.3999
1890.025879 81.774 24.2439
1903.721802 81.828 36.1973
1917.516968 81.877 48.2263
1931.412109 81.936 60.2677
1945.407959 82.012 72.2603
1959.505127 82.097 84.2256
1973.704468 82.179 96.2275
1988.006714 82.252 108.2849
2002.412598 82.316 120.3667
2016.922852 82.371 132.4556
2031.538330 82.419 144.5789
2046.259644 82.464 156.7507
2061.087646 82.513 168.9651
2076.023193 82.570 -178.7915
2091.066895 82.634 -166.5679
2106.219727 82.700 -154.4009
2121.482178 82.755 -142.2476
2136.855225 82.800 -130.0654
2152.339844 82.837 -117.8252
2167.936523 82.876 -105.5095
2183.646240 82.921 -93.1455
2199.469727 82.971 -80.7749
2215.407959 83.024 -68.4041
2231.461670 83.078 -56.0415
2247.631836 83.132 -43.7114
2263.919189 83.182 -31.3665
2280.324463 83.226 -18.9150
2296.848633 83.267 -6.3901
2313.492432 83.310 6.0925
2330.256836 83.354 18.5139
2347.142822 83.394 30.9131
2364.151123 83.420 43.3665
2381.282715 83.437 55.9229
2398.538574 83.447 68.5325
2415.919434 83.452 81.1675
2433.426270 83.452 93.8865
2451.059814 83.446 106.7302
2468.821289 83.440 119.6675
2486.711426 83.443 132.6787
2504.731201 83.457 145.7766
2522.881592 83.480 158.9443
2541.163330 83.514 172.1172
2559.577637 83.559 -174.7249
2578.125488 83.613 -161.5264
2596.807617 83.678 -148.2485
2615.625244 83.754 -134.9075
2634.579102 83.839 -121.5613
2653.670410 83.931 -108.2554
2672.899902 84.031 -95.0076
2692.268799 84.137 -81.8162
2711.778076 84.247 -68.6877
2731.428711 84.356 -55.6072
2751.221680 84.466 -42.5413
2771.158203 84.582 -29.5156
2791.239258 84.704 -16.6030
2811.465820 84.828 -3.8191
2831.838867 84.948 8.8840
2852.359619 85.060 21.5217
2873.029053 85.158 34.0740
2893.848145 85.242 46.5608
2914.818115 85.311 59.0303
2935.940186 85.366 71.5012
2957.215332 85.410 84.0383
2978.644531 85.451 96.7095
3000.229004 85.496 109.4788
3021.969971 85.544 122.2529
3043.868408 85.593 134.9695
3065.925537 85.641 147.5901
3088.142578 85.684 160.0547
3110.520508 85.716 172.3474
3133.060547 85.731 -175.4526
3155.763916 85.726 -163.2686
3178.631836 85.701 -151.0452
3201.665527 85.652 -138.7305
3224.866211 85.581 -126.2805
3248.234863 85.490 -113.6995
3271.772949 85.394 -101.0437
3295.481445 85.305 -88.3643
3319.361816 85.221 -75.6575
3343.415283 85.131 -62.8887
3367.643066 85.030 -50.0239
3392.046387 84.919 -37.0723
3416.626465 84.802 -24.0625
3441.384766 84.683 -10.9900
3466.322510 84.568 2.1462
3491.440918 84.461 15.3428
3516.741455 84.357 28.5710
3542.225098 84.253 41.8213
3567.893555 84.147 55.1152
3593.748047 84.039 68.4573
3619.789795 83.932 81.8428
3646.020264 83.825 95.2983
3672.440918 83.719 108.8057
3699.052979 83.617 122.2917
3725.857910 83.518 135.7820
3752.856934 83.416 149.3718
3780.051758 83.314 163.0894
3807.443604 83.222 176.8679
3835.033936 83.147 -169.3767
3862.824219 83.088 -155.7368
3890.815918 83.028 -142.1687
3919.010254 82.956 -128.5588
3947.408936 82.875 -114.8655
3976.013428 82.794 -101.0801
4004.825195 82.724 -87.2378
4033.845703 82.671 -73.4011
4063.076660 82.636 -59.6086
4092.519287 82.613 -45.9062
4122.175293 82.590 -32.2629
4152.046387 82.559 -18.5874
4182.133789 82.524 -4.8442
4212.439453 82.497 8.9385
4242.964355 82.486 22.6973
4273.710449 82.501 36.3821
4304.679688 82.542 49.9377
4335.873047 82.600 63.3516
4367.292480 82.660 76.6960
4398.939453 82.715 90.0195
4430.815918 82.772 103.2749
4462.923340 82.839 116.3994
4495.263672 82.918 129.3513
4527.838379 82.999 142.1262
4560.648926 83.072 154.7651
4593.697266 83.137 167.2358
4626.984863 83.200 179.5005
4660.513672 83.265 -168.4353
4694.285645 83.323 -156.5833
4728.302246 83.363 -144.8948
4762.565430 83.377 -133.2910
4797.077148 83.366 -121.7734
4831.838867 83.327 -110.3489
4866.852539 83.257 -98.9429
4902.119629 83.159 -87.4971
4937.642578 83.040 -75.9910
4973.422852 82.902 -64.4082
5009.462402 82.746 -52.7371
5045.763184 82.571 -40.9543
5082.326660 82.377 -29.0208
5119.155273 82.176 -16.9380
5156.250977 81.983 -4.7668
5193.615234 81.806 7.4539
5231.250488 81.646 19.7100
5269.158203 81.501 31.9883
5307.340820 81.370 44.2771
5345.799805 81.254 56.5686
5384.537598 81.157 68.8213
5423.556152 81.082 81.0159
5462.857422 81.023 93.1633
5502.443359 80.971 105.2646
5542.316406 80.921 117.2944
5582.478516 80.874 129.2388
5622.931641 80.833 141.1318
5663.677734 80.803 153.0034
5704.719238 80.785 164.8240
5746.058105 80.776 176.5745
5787.696289 80.771 -171.7371
5829.636230 80.772 -160.1333
5871.880371 80.781 -148.6482
5914.430664 80.800 -137.3191
5957.289062 80.834 -126.1633
6000.458008 80.880 -115.1560
6043.939941 80.933 -104.2832
6087.736816 80.992 -93.5649
6131.851074 81.060 -83.0261
6176.285156 81.140 -72.7185
6221.041016 81.230 -62.6987
6266.121094 81.324 -52.9968
6311.527832 81.415 -43.6143
6357.263672 81.499 -34.5308
6403.331055 81.567 -25.7627
6449.732422 81.607 -17.3242
6496.469727 81.603 -9.1094
6543.545898 81.548 -0.9121
6590.962891 81.450 7.4199
6638.723633 81.326 15.9824
6686.830566 81.195 24.8145
6735.286133 81.072 33.8955
6784.092773 80.966 43.1494
6833.252930 80.884 52.5015
6882.769531 80.839 61.8721
6932.645020 80.837 71.1582
6982.881836 80.878 80.2583
7033.482910 80.956 89.1040
7084.450195 81.063 97.6709
7135.787109 81.197 105.9160
7187.496094 81.360 113.8164
7239.579590 81.550 121.3652
7292.040527 81.761 128.5527
7344.881836 81.987 135.3784
7398.105957 82.225 141.8223
7451.715820 82.470 147.8760
7505.713867 82.716 153.5288
7560.103516 82.955 158.7666
7614.887207 83.183 163.5649
7670.067871 83.395 167.9126
7725.648438 83.584 171.8110
7781.631836 83.738 175.2466
7838.020508 83.848 178.2285
7894.817871 83.910 -179.1919
7952.026855 83.919 -176.9683
8009.650391 83.866 -175.0400
8067.691406 83.742 -173.3071
8126.153320 83.544 -171.6411
8185.038574 83.277 -169.9116
8244.350586 82.953 -167.9707
8304.092773 82.589 -165.6680
8364.267578 82.211 -162.8359
8424.878906 81.861 -159.3896
8485.928711 81.589 -155.4756
8547.420898 81.431 -151.4683
8609.359375 81.388 -147.8286
8671.746094 81.423 -144.8911
8734.584961 81.484 -142.7500
8797.878906 81.535 -141.2964
8861.631836 81.563 -140.3452
8925.846680 81.571 -139.7363
8990.527344 81.565 -139.4043
9055.676758 81.551 -139.3516
9121.297852 81.533 -139.5879
9187.394531 81.516 -140.1528
9253.969727 81.504 -141.0894
9321.027344 81.506 -142.4214
9388.571289 81.523 -144.1567
9456.604492 81.549 -146.3037
9525.130859 81.571 -148.8931
9594.154297 81.569 -151.9512
9663.677734 81.533 -155.4570
9733.705078 81.461 -159.3667
9804.239258 81.347 -163.6807
9875.285156 81.188 -168.3677
9946.845703 80.981 -173.3438
10018.924805 80.724 -178.5576
10091.526367 80.420 176.0088
10164.653320 80.084 170.4209
10238.310547 79.727 164.7397
10312.501953 79.360 158.9463
10387.230469 78.992 152.9937
10462.500977 78.626 146.8657
10538.316406 78.255 140.5654
10614.681641 77.878 134.0757
10691.599609 77.502 127.3906
10769.075195 77.126 120.5576
10847.112305 76.740 113.5469
10925.714844 76.346 106.2866
11004.886719 75.954 98.7520
11084.632812 75.577 90.9253
11164.957031 75.219 82.7715
11245.863281 74.879 74.2861
11327.355469 74.561 65.4854
11409.438477 74.270 56.3877
11492.116211 74.002 46.9839
11575.392578 73.748 37.1958
11659.272461 73.505 26.9248
11743.760742 73.270 16.1387
11828.861328 73.034 4.8535
11914.578125 72.787 -6.9336
12000.916016 72.522 -19.2314
12087.879883 72.238 -32.0117
12175.473633 71.935 -45.2209
12263.702148 71.619 -58.8042
12352.570312 71.293 -72.7007
12442.082031 70.964 -86.8611
12532.242188 70.632 -101.2568
12623.055664 70.297 -115.8799
12714.527344 69.957 -130.7329
12806.662109 69.615 -145.8362
12899.464844 69.280 -161.2454
12992.939453 68.972 -177.0496
13087.091797 68.711 166.6511
13181.925781 68.507 149.8198
13277.447266 68.355 132.5117
13373.661133 68.245 114.7417
13470.572266 68.166 96.4976
13568.185547 68.106 77.7378
13666.505859 68.062 58.4204
13765.539062 68.045 38.5991
13865.290039 68.060 18.2834
13965.763672 68.109 -2.6843
14066.965820 68.207 -24.3970
14168.900391 68.370 -46.8054
14271.574219 68.603 -69.8428
14374.992188 68.900 -93.5513
14479.159180 69.254 -118.0435
14584.081055 69.656 -143.3481
14689.763672 70.099 -169.5139
14796.211914 70.583 163.3875
14903.431641 71.115 135.2288
15011.427734 71.702 105.8679
15120.207031 72.353 75.2871
15229.774414 73.072 43.5957
15340.135742 73.861 10.8723
15451.296875 74.717 -22.9412
15563.263672 75.624 -57.9617
15676.041016 76.547 -94.2715
15789.635742 77.430 -131.8853
15904.053711 78.211 -171.0620
16019.300781 78.839 147.5806
16135.382812 79.278 103.5779
16252.306641 79.496 57.7244
16370.077148 79.468 11.4353
16488.701172 79.194 -35.1921
16608.185547 78.716 -82.1880
16728.535156 78.101 -128.8037
16849.757812 77.421 -175.9324
16971.857422 76.741 135.6628
17094.841797 76.097 87.0857
17218.718750 75.504 38.6487
17343.492188 74.966 -11.0403
17469.169922 74.483 -62.5942
17595.757812 74.027 -114.4504
17723.263672 73.552 -165.9568
17851.693359 73.021 141.1562
17981.054688 72.432 85.8176
18111.353516 71.796 28.9055
18242.595703 71.110 -27.5437
18374.789062 70.363 -84.4438
18507.939453 69.561 -142.9187
18642.054688 68.717 158.4795
18777.142578 67.830 100.1841
18913.208984 66.901 37.6078
19050.261719 65.948 -29.3373
19188.308594 64.973 -93.5226
19327.355469 63.946 -155.9706
19467.410156 62.817 140.3450
19608.478516 61.534 76.1002
19750.570312 60.108 8.9083
19893.691406 58.718 -57.1006
20037.849609 0.000 -97.2081
