20.000000, 3.687
20.299999, 3.665
20.600000, 3.645
20.900000, 3.626
21.200001, 3.609
21.400000, 3.597
21.799999, 3.575
22.000000, 3.564
22.400000, 3.542
22.700001, 3.527
23.000000, 3.512
23.299999, 3.498
23.600000, 3.484
24.000000, 3.467
24.299999, 3.454
24.700001, 3.436
25.000000, 3.424
25.400000, 3.407
25.799999, 3.390
26.200001, 3.374
26.500000, 3.363
26.900000, 3.347
27.200001, 3.335
27.600000, 3.320
28.000000, 3.304
28.500000, 3.285
29.000000, 3.266
29.500000, 3.248
30.000000, 3.230
30.400000, 3.217
30.700001, 3.207
31.100000, 3.193
31.500000, 3.179
32.000000, 3.162
32.500000, 3.145
33.000000, 3.128
33.500000, 3.112
34.000000, 3.095
34.500000, 3.079
35.000000, 3.063
35.500000, 3.047
36.000000, 3.032
36.500000, 3.017
37.000000, 3.002
37.500000, 2.987
38.200001, 2.966
38.700001, 2.952
39.500000, 2.928
40.000000, 2.914
40.599998, 2.898
41.200001, 2.881
41.799999, 2.865
42.500000, 2.846
43.099998, 2.830
43.700001, 2.815
44.400002, 2.797
45.000000, 2.782
45.500000, 2.769
46.200001, 2.752
46.799999, 2.737
47.500000, 2.720
48.200001, 2.703
48.700001, 2.692
49.400002, 2.676
50.000000, 2.662
50.799999, 2.643
51.500000, 2.626
52.200001, 2.611
53.000000, 2.593
53.799999, 2.575
54.500000, 2.560
55.200001, 2.545
56.000000, 2.528
57.000000, 2.507
58.000000, 2.486
59.000000, 2.466
60.000000, 2.446
60.799999, 2.431
61.500000, 2.418
62.200001, 2.405
63.000000, 2.390
64.000000, 2.371
65.000000, 2.352
66.000000, 2.334
67.000000, 2.315
68.000000, 2.298
69.000000, 2.280
70.000000, 2.264
71.000000, 2.247
72.000000, 2.231
73.000000, 2.214
74.000000, 2.198
75.000000, 2.182
76.199997, 2.163
77.500000, 2.142
78.800003, 2.121
80.000000, 2.102
81.199997, 2.084
82.500000, 2.064
83.800003, 2.045
85.000000, 2.027
86.199997, 2.009
87.500000, 1.990
88.500000, 1.976
90.000000, 1.954
91.199997, 1.937
92.500000, 1.918
93.800003, 1.900
95.000000, 1.882
96.199997, 1.865
97.500000, 1.846
98.800003, 1.827
100.000000, 1.810
101.500000, 1.789
103.000000, 1.769
104.400002, 1.752
106.000000, 1.733
107.500000, 1.716
109.000000, 1.699
110.599998, 1.683
112.000000, 1.669
113.800003, 1.652
115.000000, 1.641
117.199997, 1.620
118.000000, 1.613
120.599998, 1.590
122.000000, 1.577
124.099998, 1.557
125.000000, 1.548
126.500000, 1.532
128.000000, 1.516
131.500000, 1.476
132.000000, 1.470
134.000000, 1.448
136.000000, 1.426
138.000000, 1.403
140.000000, 1.381
143.000000, 1.348
145.000000, 1.326
147.500000, 1.298
150.000000, 1.268
152.500000, 1.240
155.000000, 1.212
157.500000, 1.186
160.000000, 1.160
162.500000, 1.136
165.000000, 1.113
167.500000, 1.090
170.000000, 1.068
172.500000, 1.048
175.000000, 1.028
177.500000, 1.008
180.000000, 0.989
182.500000, 0.971
185.000000, 0.953
187.500000, 0.935
190.000000, 0.918
192.500000, 0.901
195.000000, 0.884
197.500000, 0.867
200.000000, 0.851
203.000000, 0.831
206.000000, 0.812
209.000000, 0.792
212.000000, 0.773
214.000000, 0.761
218.000000, 0.737
220.000000, 0.725
224.000000, 0.703
227.000000, 0.687
230.000000, 0.672
233.000000, 0.657
236.000000, 0.643
240.000000, 0.626
243.000000, 0.614
247.000000, 0.600
250.000000, 0.590
254.000000, 0.579
258.000000, 0.569
262.000000, 0.561
265.000000, 0.555
269.000000, 0.549
272.000000, 0.546
276.000000, 0.542
280.000000, 0.539
285.000000, 0.536
290.000000, 0.535
295.000000, 0.534
300.000000, 0.535
304.000000, 0.536
307.000000, 0.537
311.000000, 0.539
315.000000, 0.542
320.000000, 0.547
325.000000, 0.552
330.000000, 0.557
335.000000, 0.562
340.000000, 0.568
345.000000, 0.573
350.000000, 0.579
355.000000, 0.584
360.000000, 0.590
365.000000, 0.595
370.000000, 0.600
375.000000, 0.604
382.000000, 0.609
387.000000, 0.612
395.000000, 0.616
400.000000, 0.618
406.000000, 0.619
412.000000, 0.619
418.000000, 0.616
425.000000, 0.611
431.000000, 0.604
437.000000, 0.594
444.000000, 0.580
450.000000, 0.565
455.000000, 0.551
462.000000, 0.530
468.000000, 0.510
475.000000, 0.484
482.000000, 0.458
487.000000, 0.438
494.000000, 0.411
500.000000, 0.387
508.000000, 0.354
515.000000, 0.327
522.000000, 0.298
530.000000, 0.265
538.000000, 0.230
545.000000, 0.200
552.000000, 0.170
560.000000, 0.134
570.000000, 0.087
580.000000, 0.039
590.000000, -0.010
600.000000, -0.062
608.000000, -0.104
615.000000, -0.142
622.000000, -0.182
630.000000, -0.228
640.000000, -0.290
650.000000, -0.353
660.000000, -0.417
670.000000, -0.480
680.000000, -0.541
690.000000, -0.600
700.000000, -0.657
710.000000, -0.710
720.000000, -0.761
730.000000, -0.808
740.000000, -0.853
750.000000, -0.894
762.000000, -0.938
775.000000, -0.980
788.000000, -1.016
800.000000, -1.044
812.000000, -1.065
825.000000, -1.082
838.000000, -1.093
850.000000, -1.099
862.000000, -1.100
875.000000, -1.097
885.000000, -1.091
900.000000, -1.078
912.000000, -1.064
925.000000, -1.044
938.000000, -1.020
950.000000, -0.995
962.000000, -0.967
975.000000, -0.933
988.000000, -0.896
1000.000000, -0.859
1015.000000, -0.809
1030.000000, -0.755
1044.000000, -0.702
1060.000000, -0.639
1075.000000, -0.577
1090.000000, -0.513
1106.000000, -0.443
1120.000000, -0.381
1138.000000, -0.298
1150.000000, -0.243
1172.000000, -0.139
1180.000000, -0.101
1206.000000, 0.024
1220.000000, 0.091
1241.000000, 0.191
1250.000000, 0.233
1265.000000, 0.302
1280.000000, 0.370
1315.000000, 0.526
1320.000000, 0.548
1340.000000, 0.637
1360.000000, 0.725
1380.000000, 0.814
1400.000000, 0.905
1430.000000, 1.041
1450.000000, 1.133
1475.000000, 1.251
1500.000000, 1.370
1525.000000, 1.493
1550.000000, 1.619
1575.000000, 1.749
1600.000000, 1.885
1625.000000, 2.029
1650.000000, 2.180
1675.000000, 2.335
1700.000000, 2.494
1725.000000, 2.656
1750.000000, 2.822
1775.000000, 2.990
1800.000000, 3.162
1825.000000, 3.337
1850.000000, 3.515
1875.000000, 3.696
1900.000000, 3.879
1925.000000, 4.065
1950.000000, 4.256
1975.000000, 4.454
2000.000000, 4.662
2030.000000, 4.927
2060.000000, 5.201
2090.000000, 5.479
2120.000000, 5.755
2140.000000, 5.936
2180.000000, 6.292
2200.000000, 6.466
2240.000000, 6.804
2270.000000, 7.048
2300.000000, 7.282
2330.000000, 7.506
2360.000000, 7.720
2400.000000, 7.986
2430.000000, 8.169
2470.000000, 8.384
2500.000000, 8.520
2540.000000, 8.665
2580.000000, 8.775
2620.000000, 8.859
2650.000000, 8.909
2690.000000, 8.960
2720.000000, 8.989
2760.000000, 9.012
2800.000000, 9.021
2850.000000, 9.013
2900.000000, 8.985
2950.000000, 8.938
3000.000000, 8.873
3040.000000, 8.809
3070.000000, 8.753
3110.000000, 8.668
3150.000000, 8.569
3200.000000, 8.426
3250.000000, 8.266
3300.000000, 8.095
3350.000000, 7.914
3400.000000, 7.725
3450.000000, 7.531
3500.000000, 7.332
3550.000000, 7.130
3600.000000, 6.924
3650.000000, 6.716
3700.000000, 6.507
3750.000000, 6.296
3820.000000, 6.000
3870.000000, 5.790
3950.000000, 5.460
4000.000000, 5.261
4060.000000, 5.033
4120.000000, 4.814
4180.000000, 4.603
4250.000000, 4.363
4310.000000, 4.162
4370.000000, 3.965
4440.000000, 3.741
4500.000000, 3.554
4550.000000, 3.402
4620.000000, 3.195
4680.000000, 3.022
4750.000000, 2.827
4820.000000, 2.638
4870.000000, 2.508
4940.000000, 2.332
5000.000000, 2.188
5080.000000, 2.006
5150.000000, 1.855
5220.000000, 1.712
5300.000000, 1.555
5380.000000, 1.407
5450.000000, 1.283
5520.000000, 1.166
5600.000000, 1.040
5700.000000, 0.891
5800.000000, 0.754
5900.000000, 0.629
6000.000000, 0.514
6080.000000, 0.431
6150.000000, 0.365
6220.000000, 0.308
6300.000000, 0.256
6400.000000, 0.211
6500.000000, 0.183
6600.000000, 0.166
6700.000000, 0.154
6800.000000, 0.145
6900.000000, 0.138
7000.000000, 0.131
7100.000000, 0.123
7200.000000, 0.115
7300.000000, 0.103
7400.000000, 0.088
7500.000000, 0.069
7620.000000, 0.040
7750.000000, -0.004
7880.000000, -0.067
8000.000000, -0.151
8120.000000, -0.267
8250.000000, -0.423
8380.000000, -0.598
8500.000000, -0.772
8620.000000, -0.955
8750.000000, -1.161
8850.000000, -1.325
9000.000000, -1.579
9120.000000, -1.787
9250.000000, -2.018
9380.000000, -2.252
9500.000000, -2.471
9620.000000, -2.691
9750.000000, -2.930
9880.000000, -3.168
10000.000000, -3.383
10150.000000, -3.645
10300.000000, -3.899
10440.000000, -4.132
10600.000000, -4.394
10750.000000, -4.636
10900.000000, -4.874
11060.000000, -5.123
11200.000000, -5.336
11380.000000, -5.603
11500.000000, -5.777
11720.000000, -6.085
11800.000000, -6.194
12060.000000, -6.536
12200.000000, -6.712
12410.000000, -6.963
12500.000000, -7.067
12650.000000, -7.232
12800.000000, -7.390
13150.000000, -7.732
13200.000000, -7.778
13400.000000, -7.956
13600.000000, -8.124
13800.000000, -8.282
14000.000000, -8.431
14300.000000, -8.638
14500.000000, -8.766
14750.000000, -8.915
15000.000000, -9.053
15250.000000, -9.181
15500.000000, -9.298
15750.000000, -9.397
16000.000000, -9.467
16250.000000, -9.499
16500.000000, -9.500
16750.000000, -9.480
17000.000000, -9.449
17250.000000, -9.409
17500.000000, -9.364
17750.000000, -9.315
18000.000000, -9.264
18250.000000, -9.211
18500.000000, -9.159
18750.000000, -9.108
19000.000000, -9.061
19250.000000, -9.017
19500.000000, -8.977
19750.000000, -8.945
20000.000000, -8.936
